0.81	0.021	0.74
0.93	0.85	0.92
0.97	0.016	0.97
0.83	0.027	0.82
0.99	0.016	0.98
0.019	0.017	0.97
0.8	0.81	0.82
0.0058	0.96	0.96
0.85	0.91	0.88
0.79	0.011	0.81
0.92	0.9	0.86
0.0087	0.92	0.97
0.71	0.011	0.81
1	0.99	1
0.99	0.99	0.99
0.84	0.013	0.84
0.92	0.011	0.94
0.014	0.012	0.9
0.99	0.017	0.92
0.8	0.82	0.8
0.95	0.016	0.94
0.99	1	1
0.99	0.96	1
0.0076	0.76	0.87
0.94	0.02	0.94
0.85	0.034	0.8
0.035	0.89	0.88
0.97	0.014	0.97
0.016	0.011	0.9
0.016	0.02	1
0.82	0.0088	0.78
0.018	0.93	0.92
0.99	1	0.99
0.95	0.019	0.93
0.89	0.88	0.9
0.97	0.0075	0.97
0.013	0.78	0.84
0.98	0.99	0.97
0.0069	0.77	0.78
0.94	0.019	0.93
0.69	0.77	0.71
1	0.99	1
0.82	0.76	0.76
0.74	0.72	0.63
1	0.02	1
0.89	0.032	0.88
0.0092	0.96	0.93
0.021	0.83	0.69
0.72	0.015	0.8
0.93	0.88	0.9
